cpu  1957 0 2877 93280 262 342 254 87 0 0
cpu0 245 0 360 11660 33 43 32 11 0 0
cpu1 245 0 360 11660 33 43 32 11 0 0
cpu2 245 0 360 11660 33 43 32 11 0 0
cpu3 245 0 360 11660 33 43 32 11 0 0
cpu4 245 0 360 11660 33 43 32 11 0 0
cpu5 245 0 360 11660 33 43 32 11 0 0
cpu6 245 0 360 11660 33 43 32 11 0 0
cpu7 242 0 357 11660 31 41 30 10 0 0
intr 127183 0 0 0 0 0 0 0 0 0 0 0 0 0 0 0 0 0 0 0 0 0 0 0 0 0 0 0 0 0 0 0 0 0 0 0 0 0 0 0 0 0 0 0 0 0 0 0 0 0 0 0 0 0 0 0 0 0 0 0 0 0 0 0 0
ctxt 371289
btime 1756339200
processes 3987
procs_running 2
procs_blocked 0
softirq 132745 0 46157 7 2131 20 0 1030 15302 0 68098
